1 -6302.230099001928 -6335.147846024436
2 -6343.578129868461 -5887.367869721069
3 -6311.343294285489 -8105.9025379634795
4 -6302.481045368967 -7568.84196909937
5 -6311.847547041114 -7254.615939895197
6 -6300.170235039549 -6622.362966625919
7 -6327.081495330958 -6404.115184247955
8 -6329.8336162992255 -3734.6542118354537
9 -6346.714492209378 -4218.828730128266
10 -6338.326671673585 -3967.957249132667
11 -6293.745272697105 -8224.335205842046
12 -6334.127655475311 -7451.46994987308
13 -6309.5157828976735 -7445.530812712072
14 -6344.654781395004 -4342.369541061681
15 -6353.9670356908955 -3542.394194400309
16 -6310.9365739173445 -7756.4915145879995
17 -6297.937800844929 -5882.001490182652
18 -6311.057568902084 -8640.17654979968
19 -6331.046919707144 -8433.509329734146
20 -6281.092724154413 -7112.694489837941
21 -6324.340426412375 -6711.663597530432
22 -6306.6275360764 -6857.357099271339
23 -6305.645932887423 -8091.08486884956
24 -6313.275877030176 -5626.034792936284
25 -6302.782483915563 -7370.114232674488
26 -6332.337647211416 -3999.8116704616
27 -6295.550637819884 -7638.1395038397495
28 -6301.917959080109 -7126.348172272452
29 -6330.436018323964 -5353.8649028808495
30 -6319.195010329649 -8101.235847578843
31 -6301.453864375177 -8093.5540698335135
32 -6302.513762901961 -8329.336065170333
33 -6328.418877531204 -7672.5907652454625
34 -6339.067421250621 -6710.205826210263
35 -6313.802876816338 -6334.983608983803
36 -6323.095598014329 -8049.853396429676
37 -6303.666289842878 -8795.658253667147
38 -6292.967922785198 -7106.731347493592
39 -6295.595788461345 -6321.864305976187
40 -6287.0685980230355 -8637.468512048705
41 -6325.383881010673 -2964.807359781223
42 -6276.107102591078 -8694.484260868792
43 -6285.449311814415 -8081.152278395275
44 -6309.530049761791 -4451.018589583888
45 -6287.050394103331 -7253.201856023759
46 -6315.54927482671 -8109.31829417066
47 -6360.745537106015 -3056.9106182441296
48 -6318.075153305977 -7294.292621841781
49 -6281.944365758523 -7672.566806337603
50 -6331.650777123785 -5471.510079148051
51 -6342.62351199569 -4918.035914453556
52 -6302.689027071023 -8490.994694750145
53 -6301.015954783969 -7883.307923091812
54 -6287.526843875265 -7493.470908315744
55 -6303.391333770444 -7940.458744896634
56 -6315.158341298521 -8004.834610677726
57 -6370.21410839962 -1695.0401827712792
58 -6308.833108689281 -8059.638521393918
59 -6311.5772864009705 -7570.06716057418
60 -6327.284224034802 -4906.184454855418
61 -6283.594287360974 -8245.89960639211
62 -6297.883055313633 -7780.966197494159
63 -6308.488161729529 -8192.230634581107
64 -6319.464782234067 -7235.04594294658
65 -6323.1476974963725 -6027.126228201984
66 -6324.4310328217925 -6689.144353573445
67 -6289.276114049136 -7914.291483924229
68 -6327.954124277039 -7408.380262267537
69 -6288.1533444414235 -7636.454022456014
70 -6327.510014452742 -7928.420521113092
71 -6315.599858646291 -6639.303670850886
72 -6304.61143221566 -5794.897074649325
73 -6380.586649414674 -3243.4161582894344
74 -6314.479148729553 -7631.826773381801
75 -6313.465077740285 -7800.258882013651
76 -6311.251774326146 -7660.396327452196
77 -6298.923409958753 -8163.0379932963515
78 -6304.076523712037 -7609.241959014295
79 -6330.755704719288 -6300.1597499193285
80 -6354.855714178816 -3508.51472898326
81 -6294.392026227003 -8592.825437657204
82 -6326.657408943626 -6027.371451409525
83 -6305.933133751436 -8677.942057171467
84 -6329.23644610265 -3072.6988209701904
85 -6327.274126779376 -8057.369456971425
86 -6289.000487781482 -7604.3675807151085
87 -6349.824419239642 -5575.366448065271
88 -6288.112201418843 -8604.176619511736
89 -6275.101938404482 -8602.473626026076
90 -6323.93435582335 -6474.785397039991
91 -6308.2484288823125 -8647.882144778168
92 -6308.680351455828 -7429.848867437809
93 -6332.712470084913 -7035.765247623245
94 -6294.802536718068 -6873.129261905953
95 -6331.1960183230085 -6340.254843661777
96 -6298.459706409878 -7354.661994795929
97 -6290.68135536602 -7954.337364612763
98 -6311.974286871592 -7204.210062092306
99 -6332.87022855362 -6314.310843320801
100 -6302.0445503237825 -7150.157340881793
101 -6309.577517612072 -7051.0112725334475
102 -6328.443603556521 -6818.025153236707
103 -6322.575629571904 -6368.067888353364
104 -6297.750905933382 -7178.453516620428
105 -6332.075278846554 -8529.601614322364
106 -6310.345685709218 -7391.21350788645
107 -6304.478668238436 -8214.52953407359
108 -6310.05262269987 -6113.3804630410905
109 -6309.738187007388 -5864.7585413049
110 -6298.588831749682 -8079.799573513232
111 -6358.3657113837 -3297.7090249767775
112 -6322.593334631924 -7275.445648795438
113 -6316.630606457026 -8100.437610631282
114 -6295.183058347494 -8596.724674782894
115 -6311.602991656213 -6197.223975453501
116 -6308.212837984071 -6920.869907631287
117 -6312.318244733506 -8361.663717161275
118 -6293.046726625339 -8062.975514737871
119 -6309.412291150185 -6140.571079452989
120 -6333.241284851036 -4744.380121928703
121 -6329.986593632867 -3471.929245200325
122 -6318.432503570042 -6774.905413849851
123 -6317.87745804181 -8064.245568570067
124 -6316.987158673676 -8510.018048334423
125 -6284.79773810595 -8641.438823773227
126 -6287.845585901822 -7616.767800712957
127 -6319.191016192377 -8373.16956416575
128 -6289.952317657361 -7626.391496882673
129 -6305.3020780313 -7989.934591596461
130 -6297.054544239373 -7209.804857058553
131 -6301.433239447418 -8312.889716958634
132 -6328.666801168914 -2801.3531663588183
133 -6355.350446717508 -2482.7719456591576
134 -6354.099416702595 -2783.257278293362
135 -6295.914296240925 -7100.338238914283
136 -6290.683661744629 -7012.779839630611
137 -6307.195200688083 -7204.963340096576
138 -6309.445380961485 -6312.9594308266915
139 -6301.959458518922 -8054.864740977134
140 -6301.711235252702 -7077.028667937871
141 -6354.81426065978 -4093.583845466542
142 -6292.695494617892 -7284.987029709877
143 -6288.695741840042 -6327.00788515175
144 -6328.253609608966 -4844.872567177933
145 -6338.205622206354 -7841.934291475831
146 -6334.992398900567 -1899.7248909319903
147 -6306.614060770037 -6700.605771341638
148 -6312.054126799255 -7190.181564654925
149 -6289.271139891241 -7033.696932738208
150 -6315.330859081485 -5225.042907423172
151 -6293.330288423851 -8325.36167265623
152 -6319.420883883311 -7207.8414857800135
153 -6338.448395783956 -5245.658898930152
154 -6302.157259436136 -5041.842208847497
155 -6302.792479414314 -8478.468585452387
156 -6342.391854713858 -3574.304491772416
157 -6295.125939755969 -7065.240267808266
158 -6333.450296057791 -6310.1455104328525
159 -6306.621177896961 -7147.5839202032175
160 -6305.5472420475135 -7496.137508550135
161 -6312.632743074879 -8145.193084194344
162 -6315.316161189538 -7054.559605515643
163 -6300.426969004272 -6669.378424115948
164 -6319.329780068316 -6348.735154426851
165 -6358.240931292396 -5005.13371614218
166 -6308.967899303392 -7445.870136230392
167 -6321.617691336571 -7620.174600442117
168 -6297.694093784226 -7445.18439736978
169 -6309.879497026805 -7484.126307817328
170 -6317.197336352606 -7067.248132879914
171 -6292.150162734689 -8494.398477423161
172 -6337.438229382168 -2817.1722127775106
173 -6322.468908957802 -6383.990077010728
174 -6329.237187622407 -7434.241094523393
175 -6303.8001473310815 -8082.738531106267
176 -6282.4712342326175 -7652.193512912191
177 -6313.319094940606 -7488.11130688988
178 -6305.79831454315 -8632.623935125086
179 -6300.718918316061 -7224.763675566103
180 -6298.107303067676 -7842.67152547568
181 -6297.587285722838 -8605.57815621358
182 -6322.949071039731 -6245.918993617422
183 -6297.6429216350125 -8269.509449181583
184 -6321.410210398008 -6686.411849180099
185 -6299.59947498698 -6329.908242882683
186 -6311.721375450572 -7015.20911673209
187 -6299.731897266135 -8561.905731557872
188 -6289.098779183954 -8637.4397733249
189 -6311.663039813523 -5601.170690757265
190 -6304.963314518334 -7573.438047848575
191 -6302.409574238518 -7511.816182537107
192 -6303.256222891758 -7607.372276586348
193 -6298.090294667089 -8679.799502745645
194 -6317.366771589076 -7326.022882874002
195 -6324.433226767567 -6793.286198838534
196 -6321.041853475738 -7189.8663770435705
197 -6317.626452998516 -6347.7694428699115
198 -6288.500291282867 -7107.782765275361
199 -6296.373183230004 -8143.9171548464765
200 -6348.106908760646 -2912.4623540819553
